0 0.033648 0.453106 0.048417 0.046285
0 0.112667 0.461632 0.091352 0.065773
0 0.930755 0.537957 0.134762 0.160681
0 0.580302 0.654907 0.522983 0.311032
0 0.267953 0.570510 0.364527 0.211945
0 0.613663 0.473629 0.094623 0.069630
0 0.783016 0.519745 0.229170 0.131444
0 0.702294 0.466577 0.097867 0.074667
0 0.536588 0.467042 0.094953 0.063862
0 0.111666 0.462665 0.094983 0.057865
0 0.462027 0.464663 0.067348 0.055730
0 0.035066 0.453302 0.068015 0.042059
0 0.878574 0.438132 0.081063 0.042265
0 0.214812 0.469053 0.143656 0.077206
0 0.898164 0.465584 0.111710 0.076114
0 0.365927 0.463290 0.131343 0.038567
0 0.793434 0.437614 0.043095 0.026384
0 0.328975 0.443484 0.062085 0.027256
0 0.348123 0.453174 0.108701 0.033795
0 0.234612 0.446103 0.104992 0.045065
0 0.389555 0.478792 0.138483 0.061373
0 0.578906 0.444080 0.056541 0.037741
0 0.015140 0.433425 0.029160 0.026178
0 0.090871 0.424028 0.044213 0.023336
0 0.634287 0.749695 0.001827 0.001218
0 0.742540 0.431181 0.041108 0.036541
0 0.548873 0.420828 0.042935 0.028015
0 0.505024 0.428745 0.048417 0.026797
0 0.462546 0.425700 0.052984 0.035323
0 0.419610 0.429354 0.043849 0.030451
0 0.373934 0.420828 0.051157 0.032887
0 0.326431 0.423264 0.049330 0.032887
0 0.974269 0.447016 0.051462 0.043849