0 0.772927 0.326688 0.166755 0.097199
0 0.982125 0.334470 0.035577 0.065713
0 0.012004 0.304131 0.023767 0.050519
0 0.909551 0.320302 0.101844 0.074655
0 0.139449 0.279339 0.023338 0.025714
0 0.874223 0.312986 0.097286 0.068922
0 0.669714 0.311745 0.058857 0.067865
0 0.191369 0.317625 0.035320 0.063510
0 0.856168 0.293766 0.065786 0.041434
0 0.804676 0.286988 0.055224 0.028465
0 0.661416 0.289162 0.053162 0.032439
0 0.551759 0.527732 0.736720 0.785097
0 0.237033 0.280134 0.053046 0.065170
0 0.172164 0.268804 0.017571 0.017263